0 2 60 120 0 
4 13 660 420 0 
0 1 60 60 0 
0 3 60 180 0 
1 180 180 0 
0 4 60 240 0 
0 5 120 300 0 
0 7 60 420 0 
0 6 60 300 0 
4 1 780 120 0 
4 0 720 60 0 
4 3 720 120 0 
3 540 120 0 
2 540 180 0 
4 2 660 120 0 
4 4 600 120 0 
4 5 660 180 0 
4 6 600 180 0 
4 7 660 240 0 
4 8 540 240 0 
4 9 540 300 0 
4 11 660 360 0 
4 12 720 360 0 
4 10 660 300 0 
4 14 780 360 0 
0 7 120 420 0 
4 1 780 180 0 
0 1 60 60 0 
4 4 600 120 0 
4 14 780 360 0 
4 8 480 240 0 
2 480 180 0 
4 5 660 180 0 
4 6 540 180 0 
4 12 720 300 0 
0 4 60 240 0 
4 2 660 120 0 
4 13 600 420 0 
0 3 120 180 0 
3 540 120 0 
0 2 60 180 0 
4 9 540 240 0 
1 240 180 0 
4 10 660 300 0 
0 6 60 300 0 
4 7 600 240 0 
4 0 720 60 0 
4 3 720 180 0 
0 5 120 240 0 
4 11 600 360 0 
0 1 60 120 0 
0 4 60 240 0 
4 5 660 180 0 
4 1 780 120 0 
3 540 120 0 
4 12 720 240 0 
4 4 600 180 0 
0 7 180 420 0 
0 3 180 180 0 
4 14 720 360 0 
0 2 120 180 0 
1 240 120 0 
4 8 420 240 0 
4 9 540 240 0 
2 420 180 0 
4 6 540 180 0 
0 5 120 240 0 
4 10 600 300 0 
4 2 600 120 0 
4 13 600 420 0 
4 11 540 360 0 
0 4 60 240 0 
4 0 720 120 0 
4 1 780 120 0 
0 1 60 180 0 
0 6 60 300 0 
4 5 660 180 0 
4 7 600 240 0 
4 3 720 180 0 
0 7 180 360 0 
4 4 600 180 0 
4 14 660 360 0 
2 420 120 0 
3 540 60 0 
4 9 480 240 0 
1 240 60 0 
4 13 600 360 0 
4 8 420 180 0 
0 3 180 120 0 
4 12 660 240 0 
4 6 480 180 0 
4 10 540 300 0 
4 11 480 360 0 
0 1 60 180 0 
0 2 180 180 0 
4 5 660 120 0 
4 2 600 60 0 
4 0 720 60 0 
0 5 180 240 0 
0 4 120 240 0 
0 7 240 360 0 
0 6 120 300 0 
4 1 780 60 0 
4 3 720 120 0 
4 4 600 120 0 
4 7 540 240 0 
4 9 480 300 0 
4 14 660 360 0 
4 13 540 360 0 
1 240 120 0 
2 360 120 0 
4 8 360 180 0 
3 540 120 0 
0 1 120 180 0 
4 6 480 120 0 
4 10 540 300 0 
0 2 180 180 0 
0 4 120 240 0 
0 3 180 120 0 
0 7 240 300 0 
4 12 600 240 0 
4 5 660 60 0 
4 0 720 60 0 
4 2 540 60 0 
0 5 240 240 0 
4 3 720 120 0 
4 11 420 360 0 
4 4 600 120 0 
0 6 120 300 0 
4 7 540 180 0 
4 1 780 120 0 
4 8 360 180 0 
4 14 600 360 0 
1 240 120 1 
2 300 120 0 
4 10 540 240 0 
4 9 420 300 0 
4 6 480 60 0 
0 1 120 120 0 
4 0 720 60 0 
3 480 120 0 
4 13 540 300 0 
2 300 120 0 
0 3 240 120 1 
4 11 420 360 0 
4 8 360 180 1 
0 5 300 240 0 
2 300 120 0 
0 2 240 180 1 
4 12 600 180 0 
0 4 180 240 0 
4 5 600 60 0 
4 1 780 180 0 
4 2 540 60 0 
4 4 600 120 0 
4 7 540 180 0 
4 3 720 180 0 
0 6 120 240 0 
0 7 300 300 0 
4 6 480 60 0 
4 0 720 120 0 
2 300 60 0 
0 5 300 240 0 
4 9 360 300 1 
3 420 120 0 
4 14 600 300 0 
0 5 300 180 0 
0 1 120 60 0 
0 4 180 180 0 
4 10 480 240 0 
4 13 540 240 0 
4 1 780 180 0 
4 2 540 60 0 
4 12 600 180 0 
4 5 600 60 0 
4 4 540 120 0 
4 11 420 300 0 
0 6 180 240 0 
4 7 540 180 0 
4 3 660 180 0 
4 11 420 300 1 
0 7 360 300 0 
0 1 120 0 0 
4 14 600 240 0 
2 300 60 0 
0 5 300 120 1 
4 13 540 300 0 
4 6 480 120 0 
3 420 60 0 
2 300 120 0 
4 1 720 180 0 
4 0 660 120 0 
4 4 540 120 0 
4 12 600 180 0 
2 300 120 1 
0 4 240 180 0 
0 7 360 300 0 
4 10 420 240 1 
0 6 240 240 0 
4 2 540 60 0 
0 7 300 300 0 
0 1 180 0 0 
4 5 600 60 0 
4 3 660 180 0 
4 13 540 240 0 
4 7 480 180 0 
4 6 420 120 0 
4 0 660 60 0 
4 14 600 300 0 
4 1 720 120 0 
0 1 180 60 0 
0 4 300 180 0 
4 4 540 120 0 
3 360 60 0 
4 2 480 60 0 
0 6 240 180 0 
4 12 540 180 0 
0 7 360 300 0 
4 7 480 240 0 
4 6 420 60 0 
4 5 600 120 0 
4 0 600 60 0 
0 1 180 120 0 
4 3 600 180 0 
4 13 540 240 0 
3 360 60 0 
0 4 300 120 1 
3 360 120 0 
4 14 540 300 0 
4 4 480 120 0 
4 1 720 180 0 
4 2 480 60 0 
0 6 240 120 0 
4 5 600 120 0 
0 7 360 300 0 
4 7 420 240 1 
4 6 420 120 0 
4 12 480 180 0 
0 7 300 300 0 
4 3 600 180 0 
0 6 240 120 1 
3 300 120 0 
3 300 120 1 
0 1 240 120 0 
4 0 600 60 0 
4 13 480 240 0 
4 14 480 300 0 
4 2 480 60 0 
4 4 480 120 0 
4 1 660 180 0 
4 5 600 120 0 
4 0 540 60 0 
4 12 480 180 0 
4 6 360 120 0 
4 6 360 120 1 
0 1 300 120 0 
4 14 420 300 0 
0 7 300 240 0 
4 3 600 180 0 
4 2 420 60 0 
4 13 420 240 0 
4 5 540 120 0 
4 4 480 60 0 
4 1 660 120 0 
4 0 540 60 0 
4 12 420 180 0 
0 7 300 180 0 
4 5 540 120 0 
4 14 420 300 0 
4 3 600 120 0 
0 1 300 60 0 
0 7 300 180 0 
4 13 360 240 1 
4 4 480 0 0 
4 2 420 0 0 
4 1 660 120 0 
4 5 480 120 0 
0 7 300 180 0 
4 12 360 180 1 
0 1 240 60 0 
4 0 480 60 0 
0 7 240 180 0 
4 2 360 0 0 
4 4 420 0 0 
4 14 420 240 0 
4 3 540 120 0 
4 2 360 0 1 
0 1 300 60 0 
4 1 660 60 0 
4 5 480 120 0 
4 0 420 60 0 
4 4 420 0 0 
4 14 420 180 0 
0 7 300 180 0 
4 3 540 120 0 
0 1 300 120 0 
4 0 420 120 0 
0 7 300 180 0 
4 5 480 60 0 
4 1 660 120 0 
0 1 300 120 0 
4 14 360 180 1 
4 4 360 0 0 
4 4 360 0 1 
0 1 300 60 0 
4 3 540 60 0 
0 7 300 120 0 
4 5 420 60 0 
4 0 420 120 0 
4 1 660 60 0 
0 7 240 120 0 
0 1 300 120 0 
4 3 480 60 0 
4 5 420 60 0 
4 0 420 120 0 
4 1 600 60 0 
0 7 240 120 0 
4 3 480 60 0 
0 1 300 60 0 
4 5 420 0 0 
4 0 420 60 0 
4 1 600 0 0 
0 7 300 120 0 
0 1 240 60 0 
4 3 480 120 0 
4 5 420 0 0 
4 0 420 120 0 
0 1 300 60 0 
4 0 420 60 0 
4 3 480 60 0 
0 7 300 120 0 
4 1 540 0 0 
4 5 420 0 0 
0 1 300 60 0 
4 1 480 0 0 
0 7 300 120 0 
4 0 420 60 0 
0 1 300 60 1 
4 5 360 0 1 
4 3 480 60 0 
0 7 240 120 0 
4 1 420 0 0 
4 3 480 0 0 
4 0 420 60 0 
4 3 480 0 0 
4 1 360 0 0 
0 7 240 60 0 
4 0 360 60 0 
0 7 240 60 0 
4 1 300 0 1 
4 3 480 60 0 
4 0 360 60 1 
0 7 300 60 0 
4 3 420 60 0 
4 3 420 60 1 
0 7 360 60 0 
